6
20
21
19
11
31
9
39
10
12
51
19
50
29
76
1
1
61
56
67
74
54
71
13
3
19
20
92
56
36
64
15
73
53
97
35
59
12
12
89
69
75
80
63
91
22
73
55
34
28
87
6
24
56
38
25
93
74
97
96
86
43
61
20
73
93
25
3
65
51
53
89
19
80
83
21
90
6
68
44
75
28
10
38
52
16
21
75
58
47
92
11
52
50
6
41
54
10
57
23
82
46
94
79
1
27
81
94
21
56
87
18
38
20
37
86
83
49
38
46
34
50
69
4
3
99
24
21
8
55
65
41
72
62
67
86
50
68
12
22
25
18
24
14
58
12
67
78
88
66
3
15
22
7
12
88
65
3
82
28
88
28
41
3
82
63
74
67
63
4
68
84
17
67
44
67
4
96
18
51
83
17
37
46
85
59
89
79
12
34
42
23
41
77
28
1
29
78
17
65
98
81
63
37
25
11
83
27
2
44
28
17
60
13
96
30
44
96
87
68
28
1
78
54
12
66
27
32
15
33
42
81
46
64
95
40
89
22
76
74
47
48
22
59
24
30
71
11
49
23
52
55
39
10
92
96
68
11
54
67