50
78
59
90
79
74
67
94
91
87
58
92
85
75
65
50
54
68
57
58
99
72
55
50
50
68
76
78
80
80
58
83
72
67
52
80
89
90
76
65
93
86
97
96
76
57
73
61
93
60
89
92
99
100
80
69
63
64
92
51
68
54
83
52
50
95
63
63
79
84
91
86
74
60
87
73
72
97
87
55
79
69
86
80
78
68
57
61
71
90
75
99
87
67
58
82
74
53
85
75
57
97
57
95
84
65
71
53
98
84
57
93
91
79
59
58
90
73
57
75
86
70
63
78
84
87
86
73
56
68
91
51
75
83
71
55
97
96
77
67
73
68
92
65
72
63
99
64
86
78
59
88
91
69
75
94
51
99
78
52
76
59
92
81
82
59
92
56
55
87
65
97
64
66
57
86
91
85
80
87
62
57
50
53
90
92
60
55
77
50
55
72
87
84
77
53
71
60
84
64
71
61
78
76
81
58
75
98
84
96
59
66
58
99
72
99
54
81
54
71
96
52
94
64
61
88
70
60
81
80
72
73
79
81
92
91
81
86
78
68
59
86
77
95
62
59
80
84
79
67
74
54
87
80
81
84
90
57
78
93
95
80
86
52
83
98
65
78
65
58
55
93
92
87
57
66
53
53
82
91
77
72
70
64
73
75
57
66
86
65
91
97
93
86
65
97
56
53
89
76
80
97
53
93
82
66
55
75
61
64
96
77
83
55
74
68
74
89
75
69
84
76
80
69
50
85
55
81
93
74
87
74
69
89
77
67
97
81
58
68
56
87
97
80
51
66
52
81
56
92
93
79
86
92
50
56
85
80
60
53
58
81
67
65
68
83
90
90
76
80
89
95
57
81
70
62
56
92
53
71
78
65
77
61
65
55
90
56
64
89
94
89
87
80
68
92
61
93
61
62
77
99
52
54
76
71
54
62
94
61
57
56
96
54
52
52
66
95
69
71
97
91
76
92
84
69
62
50
76
97
69
62
79
62
84
97
71
94
50
97
80
89
78
57
61
69
50
70
54
83
92
53
90
83
84
90
76
84
57
84
86
88
51
93
82
85
54
77
97
52
63
57
99
81
64
96
68
84
60
57
62
76
95
55
95
72
54
89
58
98
88
93
60
72
50
87
55
70
65
99
51
62
59
62
57
81
94
96
59
89
82
82
95
72
96
83
57
81
78
71
97
77
78
76
62
69
67
51
89
59
53
69
79
53
59
57
82
72
80
84
72
84
69
91
79
59
97
93
69
99
59
94
78
72
81
85
52
64
63
70
94
85
86
94
69
69
95
65
69
78
67
86
87
86
86
56
60
63
84
95
68
75
55
95
60
75
82
71
84
54
53
53
51
67
65
84
57
69
53
83
86
59
84
80
82
77
54
77
52
98
73
98
86
76
84
84
68
69
52
90
58
53
65
89
60
66
74
50
72
75
80
87
70
67
92
97
81
99
52
78
93
69
65
64
51
80
69
50
51
72
92
96
70
86
80
90
93
79
79
53
89
73
79
79
78
90
83
67
50
63
67
61
88
68
93
55
86
81
94
59
76
95
89
98
59
95
89
97
92
94
81
59
80
63
62
86
89
58
85
74
54
90
92
56
65
78
73
88
59
86
99
50
82
84
58
53
63
83
91
77
68
88
61
81
61
60
98
64
51
88
57
52
50
67
82
67
70
70
54
77
84
66
82
93
76
78
52
73
63
71
93
74
54
78
85
88
93
92
64
93
82
87
91
88
93
95
95
76
72
55
67
91
71
58
50
82
88
53
54
69
84
90
57
57
52
67
50
98
82
52
95
81
71
51
62
69
82
89
51
91
56
81
77
99
73
60
65
89
67
74
80
55
99
87
57
72
85
99
88
82
81
97
84
64
78
64
77
85
62
77
74
97
83
88
81
72
89
87
99
60
81
95
79
95
75
74
72
94
97
59
62
60
86
97
81
52
82
51
77
77
72
53
99
56
80
52
58
83
66
65
82
70
71
61
83
58
74
75
90
71
50
66
68
56
91
86
94
82
82
75
86
86
97
73
68
55
95
91
72
55
93
88
51
70
96
53
58
60
55
79
55
80
79
84
86
95
83
64
90
68
99
88
60
58
69
59
79
59
98
59
69
65
56
59
52
88
88
94
50
72
71
90
73
74
87
61
77
54
96
94
92
52
74
81
87
87
62
95
89
59
77
52
76
89
85
51
86
77
95
93
89
65
69
74
52
82
50
88
87
60
57
52
83
51
67
84
89
71
99
81
64
73
93
53
55
57
57
95
65
68
